month,revenue,Grow
January,5,0
February,6,1
March,3,-3
April,5,2
May,9,4
June,6,-3
July,9,3
August,4,-5
September,9,5
October,6,-3
November,10,4
December,8,-2
